used,date  ,wl,days
2,04-AUG-23,2,0
4,05-AUG-23,2,1
7,06-AUG-23,3,2
9,07-AUG-23,2,3
11,08-AUG-23,2,4
12,09-AUG-23,1,5
15,10-AUG-23,3,6
19,11-AUG-23,4,7
22,13-AUG-23,3,9
25,14-AUG-23,3,10
2,23-AUG-23,-23,19
4,23-AUG-23,2,19
4,23-AUG-23,0,19
4,23-AUG-23,0,19
18,24-AUG-23,14,20
