used,date  ,wl
2,04-AUG-23,2
4,05-AUG-23,2
7,06-AUG-23,3
9,07-AUG-23,2
11,08-AUG-23,2
12,09-AUG-23,1
15,10-AUG-23,3
19,11-AUG-23,4
22,13-AUG-23,3
25,14-AUG-23,3
2,23-AUG-23,-23
4,23-AUG-23,2
4,23-AUG-23,0
4,23-AUG-23,0
18,24-AUG-23,14
